180.619 -104.829
-91.9934 -185.044
106.942 114.299
2.74822 167.29
102.488 -37.6825
109.777 -159.434
-105.472 116.927
186.273 78.5088
97.9453 -152.609
57.072 61.3138
118.346 17.5351
-112.484 -67.4422
8.12163 -147.595
129.212 52.4225
98.0906 64.3918
-28.3807 78.7098
159.563 79.6258
93.6659 66.5047
-6.07494 -103.586
33.7942 -103.587
58.7316 -56.4289
-63.021 153.259
-139.502 -76.7478
31.7683 158.444
-29.3566 -111.16
19.7574 -111.01
106.375 107.274
21.5475 -85.503
159.679 -49.2406
166.919 57.7696
-184.849 -61.4613
-63.5206 174.714
-181.835 -169.855
41.2187 12.0896
-73.4404 -124.987
108.503 185.291
18.5841 -154.518
138.551 79.0824
-31.2662 -29.6811
37.526 139.377
59.1592 -142.717
-171.633 -34.4655
164.557 49.9145
80.0315 124.236
-199.326 46.9509
-17.9944 -184.175
185.49 118.485
190.539 -196.346
148.63 31.7578
15.7437 -124.81
106.771 -75.7536
-139.519 -74.6451
-30.272 199.032
-195.563 138.462
-30.6492 41.9632
77.839 -171.49
99.2466 106.206
-5.95551 63.8036
-43.8796 -125.924
-11.9604 -43.2057
121.027 170.045
-27.3807 106.516
88.5303 -36.8416
110.171 37.1608
194.916 -74.0857
112.351 101.687
50.1607 172.832
-172.958 -180.111
171.864 -168.521
158.351 -58.7853
73.4424 36.1896
-30.2754 -27.3111
-57.6045 163.769
-163.508 98.5159
-162.155 24.5321
-144.69 158.872
-5.4227 27.9295
65.3885 -116.892
191.088 -24.4409
120.268 186.004
101.473 32.6192
87.691 -48.3658
5.45117 114.733
-28.4771 -22.685
146.212 -70.1266
118.53 19.6543
166.063 -111.746
192.343 -91.5415
-147.977 -171.164
-193.026 -110.131
53.3678 -137.715
-151.259 -152.055
90.2141 114.129
-68.9473 81.302
-110.312 -148.679
67.306 191.162
83.9403 -45.003
-57.2043 -110.609
-130.27 114.319
66.7065 -184.058
-155.808 -14.7638
35.5962 -189.745
73.4905 27.9394
-81.2865 125.514
56.7752 -74.312
-184.618 -89.857
-12.0274 -135.877
-41.9119 -121.813
178.252 89.1408
159.489 -132.06
140.462 26.7948
-140.898 24.4022
181.792 1.89733
113.794 -148.478
-83.7841 -19.4999
-132.537 -39.5921
165.736 103.06
-29.3371 39.2268
-69.001 89.3764
-35.2592 187.774
-184.936 -19.8767
-102.083 3.03699
44.2463 56.0053
81.2237 22.4983
-54.8539 40.7125
90.4384 -114.392
-132.493 149.54
110.01 -150.701
-48.5626 23.8039
-99.1794 67.6533
-195.696 -31.716
-171.939 170.04
-128.656 -1.27589
9.26713 2.3425
-111.899 174.008
-9.88334 -96.8351
-45.8688 88.0338
106.202 198.377
-55.9609 -12.5744
20.8758 89.1852
-171.862 -88.6858
174.793 -104.355
-139.146 84.8035
-55.0556 12.2917
-91.3926 45.7649
-120.055 -87.0886
-185.951 -91.9938
-117.048 -114.608
106.73 92.2189
87.7349 194.831
66.2268 -122.148
-102.004 -179.642
165.885 -195.802
-181.265 -90.0755
-8.3768 39.6111
199.11 19.7613
150.925 173.903
115.407 -188.22
58.7064 -139.649
24.0712 167.314
106.116 104.016
-119.775 120.165
-187.978 -36.823
-194.443 118.753
-144.604 93.2922
113.583 121.623
171.144 -188.421
141.981 137.029
-184.223 160.716
-153.046 7.39989
0.326987 -153.937
-172.839 -48.7477
-180.034 142.568
-36.9682 78.6725
-197.081 187.103
45.9863 109.035
91.1192 126.212
29.1999 103.142
-110.612 34.7572
21.8941 -55.2157
-71.9507 -64.5225
-133.593 -100.807
-52.9433 -191.613
-163.778 -37.1667
169.103 -116.824
170.233 -30.5697
-70.7611 197.394
120.683 -50.795
139.962 -116.286
-172.122 142.881
-129.183 73.8639
51.9164 161.937
0.0754313 -118.884
65.0781 89.4639
115.873 -113.028
-165.752 -156.077
22.4497 -99.3448
-56.8841 169.506
-90.9574 -20.662
-67.6602 -121.854
62.5137 -97.427
47.5762 191.753
-100.033 -31.7412
-59.0424 -160.07
51.9732 -31.1648
182.811 122.791
-157.301 34.7276
84.7272 42.7745
115.844 -50.1948
-67.7616 31.7174
36.7774 -33.5133
75.6402 -140.773
67.1418 -181.244
-171.266 176.184
-1.90596 -38.9266
-145.67 -139.392
63.6464 101.907
-147.64 163.614
-129.835 -6.68209
-196.456 122.139
162.153 186.355
44.9291 -195.148
21.0825 -70.3437
47.6266 -63.0735
79.4615 179.865
168.644 -83.761
-53.6484 44.284
-24.5339 -186.507
63.0401 4.19974
189.678 -138.866
165.273 -155.992
-78.2582 28.9195
145.915 -25.8979
-7.46671 -183.92
167.42 -3.92305
138.219 129.573
-17.5681 -16.8522
134.425 -196.486
112.804 -17.9482
-59.5591 -7.73439
-38.0832 -90.9153
108.505 108.268
153.369 -116.029
121.762 16.4088
88.1704 111.44
77.5429 53.4435
155.448 199.285
-117.637 101.363
-26.6131 74.8963
117.443 -59.1931
-129.027 55.6617
-129.62 53.4051
-161.19 -195.195
56.9195 151.614
-13.1429 197.36
-56.1207 148.774
-93.5549 -147.616
57.0423 -140.186
-63.6455 -21.1957
76.2226 -175.475
-109.756 -46.2345
77.9685 -154.308
-46.9498 160.331
147.055 126.437
35.2278 64.4981
-132.756 106.201
-79.8402 -62.376
-40.3939 -41.0306
-57.5707 -183.474
-89.417 129.286
-186.114 54.4623
78.0602 -79.669
106.846 -64.8974
-19.8552 -156.799
113.907 -143.633
-132.274 -195.849
10.1329 145.694
-150.157 163.183
106.026 196.898
89.6201 -58.7467
61.3961 156.864
-152.546 181.556
-105.512 7.06046
-59.4747 36.9174
23.5861 51.1083
-33.7963 37.472
-94.4294 -155.736
157.803 -187.583
-20.6335 -62.0521
-144.383 -106.727
-5.68469 -76.6572
-102.576 -195.552
-130.963 -52.7328
167.631 175.062
-55.8347 57.2514
-83.6843 -194.439
14.1155 -36.2299
187.117 108.604
170.831 -72.3573
-54.479 -5.5834
178.751 111.725
-168.111 -115.678
155.989 189.692
-103.262 -64.645
-72.3604 -47.6445
28.6283 121.955
75.6984 126.052
126.403 144.735
-126.68 94.0344
119.798 17.4849
-48.7142 -163.887
23.0464 165.401
-0.116554 10.1637
74.0049 -29.286
137.806 -180.474
165.131 116.557
131.25 197.019
-199.121 87.239
186.711 -102.383
-177.406 -85.6494
49.9728 51.2224
-163.694 -74.3288
-22.7251 162.709
-129.594 50.5946
56.743 190.204
-131.921 -191.971
-173.683 91.1259
173.43 26.2009
-98.7104 47.4349
196.915 -160.904
66.9607 162.045
155.653 -1.7888
159.065 156.532
-114.55 145.776
-145.85 -91.9557
-139.874 104.123
159.267 -103.568
-170.206 -63.4584
-140.86 -99.7998
187.136 115.883
-109.596 -144.784
123.912 -83.2784
146.342 97.3423
142.922 -152.369
-55.2228 139.837
-113.273 -188.262
101.883 -157.619
9.94912 60.9473
198.913 95.3994
6.7229 -146.937
-196.556 66.8491
157.185 162.71
163.281 186.979
-100.748 -177.579
-112.821 -113.612
138.305 -22.4164
-58.3961 62.2167
94.3052 -112.055
-40.441 37.2277
-64.4235 104.336
-22.9351 22.3036
116.074 -121.052
64.6842 -73.9768
139.895 63.5972
-178.577 -53.3821
116.66 -175.134
-186.533 73.8454
187.577 176.748
60.8246 -113.171
199.169 148.004
-26.7831 137.473
-74.4124 114.821
-0.309968 -180.107
-197.234 159.249
57.1204 -61.6573
63.5852 -165.815
160.646 -20.3407
-86.867 25.3304
105.683 -146.972
-111.072 127.105
-0.354189 -194.412
151.971 13.1127
79.4331 139.548
-10.1396 -59.7423
-173.623 -10.9708
-111.738 -0.406235
-73.4975 13.8493
-85.5854 126.193
33.742 -82.8193
85.4416 -109.138
55.5234 -50.9732
-74.9523 16.1697
128.686 38.1807
-158.5 34.3686
91.2087 -69.5723
-38.5263 -109.146
-63.9846 -86.5549
103.967 -184.552
-147.007 -106.172
-44.2938 -120.63
82.8569 43.9679
78.9637 -190.641
-142.183 193.378
135.552 91.5591
-89.441 20.9936
182.422 166.082
170.02 -92.5308
-17.7479 98.7065
145.65 23.7522
-66.9249 36.8586
154.18 94.5488
127.713 -109.805
-192.006 31.6803
-94.3563 -139.013
125.508 61.3498
-59.6431 8.36478
-94.6823 -180.679
17.7242 -36.8652
-187.301 -46.7238
-145.306 -76.742
174.27 -162.885
-110.66 144.29
-55.4153 71.5926
42.9966 -109.765
-104.655 176.072
127.093 -150.475
70.6204 54.8063
-60.2801 78.6143
-113.513 45.3636
139.601 -188.005
-93.2866 -120.042
20.3593 12.0311
-100.721 -161.917
175.166 -88.0222
-8.64035 -170.14
35.2358 -34.3706
-133.025 124.576
-90.0804 11.56
-3.83113 152.916
101.795 91.5136
128.988 28.8878
141.038 -0.391675
-116.306 -119.242
-121.777 -29.8193
126.122 -182.176
-17.8248 -167.165
-102.218 -197.465
44.8662 -2.93909
-159.382 20.0321
109.039 31.9776
49.892 -55.7254
197.607 116.867
-131.149 -92.4734
-71.5728 65.0198
-139.557 -169.778
-43.4666 189.431
59.1097 -102.428
-10.961 142.804
-21.6702 67.2616
-87.0155 -95.5485
85.0855 95.1598
-62.7134 182.868
97.6943 182.153
-20.0716 138.312
2.18501 -111.033
-29.7101 -147.923
33.2417 -32.103
168.944 102.093
75.4236 -102.629
-32.8876 135.866
-72.4067 123.646
125.297 186.703
-178.783 -85.6638
129.507 -0.452735
181.598 -157.509
103.999 66.6833
137.651 -158.715
49.5508 35.3454
-176.562 -170.521
-26.3423 25.6233
-81.5536 143.948
77.7003 151.688
-88.1554 46.6446
53.7807 187.268
144.016 -179.107
123.135 -128.391
144.539 48.4319
-141.688 165.756
162.768 187.819
-34.6963 144.366
-169.69 -130.698
11.0491 167.961
-89.4121 -139.4
3.3068 -65.9738
-109.921 176.964
159.65 8.52542
120.912 37.3498
-39.7865 -167.243
-116.006 -186.006
-179.975 -171.99
-165.113 143.16
-100.38 179.426
-8.40837 -42.068
145.183 -45.6403
-54.2489 -89.5135
-101.274 -23.9386
-20.211 109.775
-55.9772 90.3769
170.375 147.33
-175.597 -139.546
124.294 184.053
68.979 45.2062
21.4024 -170.808
77.9629 105.397
-156.813 97.9879
133.407 -121.926
41.1477 -166.973
-142.499 -167.261
-9.04109 -197.317
-12.901 136.71
-86.8301 85.8245
-87.2286 92.9589
-4.40084 56.7942
-16.6641 -34.0263
4.12378 7.73899
26.4272 -71.5821
-8.20838 -104.594
173.624 -186.806
-75.4013 51.587
118.591 -32.2145
-50.4251 51.998
45.8597 190.723
85.0249 103.36
-176.538 -124.016
106.044 10.5609
-187.306 -180.786
-103.615 -74.5348
112.173 91.9846
182.259 -104.492
-142.042 -13.6169
103.247 84.3855
114.801 -104.961
179.792 88.425
-91.767 -95.6095
-59.988 -173.176
72.1759 89.5869
78.8219 -81.9644
80.3096 -36.1532
-178.604 103.771
39.8307 127.439
-85.6676 52.5245
146.653 10.7179
177.99 58.8255
-97.2974 160.249
154.334 -39.3391
-53.3679 57.5812
-154.954 -138.567
152.62 -175.162
149.858 -139.147
-70.7714 -110.13
-112.323 -198.595
179.457 166.499
-80.5599 59.7666
-69.6542 -59.1641
-36.4619 170.177
-131.725 77.8706
22.701 -185.072
-111.412 0.690616
73.7539 -8.70895
-39.0604 28.0877
151.952 107.572
-114.331 196.998
169.005 -161.711
-178.164 118.863
-100.858 -48.935
-191.267 -13.1805
-47.5304 188.19
-46.6815 71.9097
47.9567 83.6643
-187.254 -188.505
53.8408 -118.979
89.3655 -123.458
-104.051 177.954
77.2324 169.703
-30.755 -161.828
-2.20901 -78.8031
145.744 83.4599
-81.8048 114.748
121.749 -59.9684
33.6113 -179.109
91.0967 42.3443
7.71087 -156.434
30.5344 161.029
115.476 -121.509
44.6936 128.222
-110.014 -101.466
-190.757 179.352
-24.9237 -94.8079
157.305 -147.691
-125.105 -73.4495
-109.519 72.6863
47.7474 -163.776
-43.8537 165.943
150.973 -122.105
-94.0257 -15.4159
-101.213 197.071
-173.072 106.498
-159.363 57.4628
67.527 156.113
135.954 -87.7794
84.3348 -174.06
10.7551 93.5775
-194.708 185.831
198.77 162.597
-161.86 -126.335
-110.853 -71.3793
146.351 136.895
-35.155 -97.5025
102.838 -84.1822
-19.6072 -191.188
100.402 79.1796
-194.117 127.33
-14.3228 -153.48
-15.2068 -146.796
-197.367 -79.2528
-34.5753 86.9679
-53.3128 176.18
-19.4546 -48.0213
162.011 -20.6851
-85.4243 -199.849
52.9798 3.72319
-71.2282 -0.668962
-59.3819 93.6169
101.829 -156.544
-190.565 -117.779
-147.733 109.837
161.401 -141.85
37.167 -52.9219
-95.3301 -178.04
0.28227 -92.697
-57.2927 165.707
194.271 89.3945
141.887 -25.1838
-158.627 103.898
154.131 -44.0511
104.049 7.11096
159.672 -167.179
-193.558 -99.7098
126.438 108.271
-56.2542 135.872
190.492 -3.98689
45.709 151.893
54.1632 -117.124
-101.029 158.833
-95.1638 99.2532
-133.864 47.5435
64.9602 -139.593
-63.062 6.84705
35.2232 -21.6888
-89.255 -10.6456
134.26 -185.206
196.465 93.9322
-152.385 -197.093
194.222 174.053
111.178 -62.0319
109.925 101.67
133.981 -44.366
53.5626 -11.8556
38.5101 152.534
-53.0225 143.346
51.7868 13.1136
-9.11016 -83.2529
73.5206 127.828
123.594 -91.2562
-93.8609 -165.661
98.0982 -159.601
-150.867 94.5635
134.331 -103.252
97.4708 128.554
-129.199 8.64873
-133.478 180.726
-89.6815 -199.497
-63.6405 163.881
-11.3525 174.87
116.415 135.625
118.216 -31.7985
-51.2614 -90.8943
84.9486 -177.741
-163.066 8.54269
-68.9971 -56.9273
42.8818 -170.899
-16.5281 92.0149
123.665 -82.1966
188.763 21.1354
-153.643 -140.437
-170.216 -87.1209
-159.711 -59.8973
-86.6178 -23.3516
-96.0162 102.03
-48.482 -179.601
37.6548 -130.266
-11.3999 186.393
-21.1605 -126.451
-191.347 15.7731
82.0913 -60.3445
158.846 -75.0269
-31.2435 -57.6822
-183.012 -107.579
60.1212 -194.249
113.557 106.478
-134.686 143.341
-180.643 -94.397
-116.557 -67.2603
82.2514 -12.5728
-165.231 -166.231
7.82574 72.4243
-96.4968 196.426
58.8177 82.3428
-130.026 67.4702
-101.884 152.066
-192.874 -143.038
-122.961 -24.1178
-0.720475 -105.973
68.3033 -140.599
-100.222 -18.1401
165.879 -34.9081
-74.7994 185.236
70.6949 8.64395
-82.0239 -47.0537
196.071 -47.2544
-13.2843 3.89689
-174.83 90.2189
0.322696 83.9875
-27.4383 70.2972
-48.5423 70.6776
22.363 -41.4166
127.639 99.4019
134.466 -73.0812
193.429 2.76886
-13.6805 -106.793
184.629 -47.8015
58.2984 -90.1707
-62.565 -71.0066
118.473 55.4111
81.9397 114.544
-191.843 -131.345
-81.5587 -166.673
158.874 118.764
117.314 -68.564
-10.9389 -131.228
-197.886 -188.576
27.3552 129.753
110.826 -38.1793
-143.328 104.255
164.59 42.9912
197.461 149.218
195.19 55.7597
-140.952 -67.3753
184.753 177.521
188.036 66.6928
92.0652 196.193
135.348 -189.494
-170.481 94.2225
129.27 146.833
-174.341 -81.6685
-184.395 -172.228
-70.2444 42.9601
157.525 -159.418
-195.219 -185.803
144.836 169.37
57.1879 142.298
118.589 52.3776
-1.9427 177.636
185.002 -17.1896
155.157 173.038
-150.497 47.2222
169.231 184.851
57.7287 198.75
79.0738 -13.0009
145.583 104.732
105.331 161.188
132.504 -164.914
4.14791 90.0295
-124.332 8.92874
104.226 -179.496
-21.7009 -38.5859
162.802 -103.112
-186.208 -39.1409
-125.476 198.794
143.669 -170.319
171.832 193.173
76.9034 141.063
178.024 -65.368
139.813 57.0977
121.631 85.3954
-38.1699 26.9617
46.5832 -105.665
62.048 -149.269
184.364 137.716
59.6599 88.5902
158.22 -162.041
-149.996 121.022
-65.1531 -136.204
-118.119 9.37099
-137.41 -174.45
39.0521 -165.578
-181.277 -84.0445
175.485 196.747
50.5875 115.298
53.8443 -27.7814
0.692959 -184.326
199.18 -152.724
-89.9911 61.2283
-101.993 -105.627
-1.05587 157.667
182.963 -42.8359
195.626 -167.033
-121.814 -69.5268
-103.237 -39.9334
139.844 -40.6468
-14.3831 -21.1037
-6.2247 4.33965
94.8518 -30.7398
1.08628 -54.5607
-115.442 -145.069
117.658 85.2507
-129.395 116.838
132.527 -19.3861
-21.9334 -169.466
74.9869 177.011
188.202 57.95
-65.8251 183.828
90.9173 12.3607
-85.699 187.681
172.427 -145.855
-52.9662 -41.9558
33.0415 140.809
162.384 -72.1067
-89.9307 -36.5299
73.3326 -5.37291
18.4007 -9.00946
-120.122 89.0057
-92.1712 -187.595
-130.38 85.8955
-157.061 144.606
62.9062 -168.859
2.55642 197.081
-185.032 -106.526
9.44176 -70.7306
-118.846 -18.1309
-16.5854 28.1881
139.913 -183.544
-31.0028 102.297
-55.6507 79.0665
-134.233 -182.318
-126.306 84.1679
8.67247 -46.4286
-26.8264 116.501
-34.0238 42.7932
2.39678 8.91523
-12.6003 -134.697
40.0558 189.956
-137.616 55.0242
-116.57 71.8258
184.294 -35.4158
-146.305 -32.2918
192.772 193.608
-15.8357 -38.2305
95.9053 128.514
-159.164 161.673
146.196 -85.4703
45.8405 -45.132
68.1011 -180.986
-128.631 -165.923
61.8073 73.7661
42.9925 -150.793
139.069 -116.952
-160.837 -198.547
138.073 -77.4071
73.2791 122.366
87.1771 126.974
-109.926 79.9494
120.582 74.2388
-158.281 16.4874
2.75244 -117.445
-21.84 -51.052
-2.91534 -176
103.816 -134.814
-156.985 175.185
-100.737 104.822
48.9516 142.256
154.029 -11.9793
-174.696 193.192
-10.5261 163.377
-84.2151 -137.247
85.7428 -197.038
189.727 175.817
82.9115 110.309
50.056 124.63
-73.2035 -147.192
-192.815 104.956
1.75648 4.27012
128.957 -94.4275
69.4559 171.971
-119.242 168.719
76.7933 129.71
110.975 30.8222
-82.2698 136.279
24.0142 107.204
99.6551 139.799
169.957 -14.6022
142.761 159.684
-38.7849 25.6728
69.9931 -188.729
-49.6968 196.79
-135.92 -42.5113
101.746 65.8361
161.759 30.7031
171.409 31.2147
2.67455 -147.833
-0.0663321 -120.532
181.876 -89.0918
110.29 -100.394
-152.813 -65.6956
-193.19 146.842
-125.896 176.768
-67.7603 -183.135
136.452 93.4548
42.5375 6.44477
104.726 192.841
3.23444 168.805
-49.6705 -95.0194
34.6415 -87.9117
135.684 6.05014
143.303 -61.6418
58.2167 -56.7634
17.8261 40.0928
54.1449 -71.8837
139.699 101.332
62.4206 146.509
48.1735 136.524
123.277 180.413
153.389 59.7287
73.868 -4.07354
-133.827 -21.4061
-11.2328 69.4079
-52.6006 139.097
174.388 182.041
-148.815 110.072
-11.9089 194.488
-151.57 -153.692
-62.2754 66.2565
86.4005 191.869
194.373 26.0996
93.2011 56.7934
-27.3909 -58.6253
-6.68241 -104.114
-78.2121 -53.2935
155.615 195.656
142.633 -178.212
-25.7502 -68.5998
91.1961 121.649
-129.503 65.5846
103.69 -78.3182
-24.3433 -108.219
-83.8302 24.0871
-61.9109 53.8943
-109.656 -175.51
45.7638 -115.284
50.5893 -61.0351
141.51 -176.802
80.3396 -65.1725
-80.9155 -197.873
81.534 -125.301
197.783 24.167
-103.513 -27.9668
155.567 187.684
-106.317 -173.936
53.2681 197.373
-52.2541 -171.075
-110.846 63.9157
53.0119 27.2432
-82.19 143.356
51.7329 163.574
-171.928 -97.6778
-97.4613 169.582
-74.4795 182.878
-95.5906 44.605
185.006 185.943
119.304 182.789
10.1103 -184.208
-45.1776 -34.3225
-196.525 48.5049
-8.25847 56.7435
45.8777 139.487
85.6683 135.032
3.40312 -61.3197
-37.725 121.213
-117.964 -185.992
84.787 -89.8922
