35

9
14 81 20 73 24 41 10 47 5 
27 45 39 50 63 70 11 65 56 
52 58 77 74 80 40 3 42 8 
48 33 72 71 25 68 30 55 21 
37 36 34 29 59 31 6 54 15 
60 4 49 7 16 57 18 19 62 
22 64 44 1 43 46 26 9 12 
32 67 66 79 51 69 75 61 76 
23 17 53 28 38 2 13 35 78 
2
2 3 
1 4 
3
8 9 1 
2 3 4 
5 6 7 
7
34 17 40 23 24 2 7 
9 47 37 39 25 3 12 
26 20 22 13 8 6 11 
36 41 49 32 10 30 15 
35 38 5 42 4 1 28 
33 43 31 14 21 16 27 
29 18 44 48 19 45 46 
1
1 
9
64 65 66 67 68 69 70 71 72 
73 74 75 76 77 78 79 80 81 
1 2 3 4 5 6 7 8 9 
10 11 12 13 14 15 16 17 18 
19 20 21 22 23 24 25 26 27 
28 29 30 31 32 33 34 35 36 
37 38 39 40 41 42 43 44 45 
46 47 48 49 50 51 52 53 54 
55 56 57 58 59 60 61 62 63 
10
76 26 56 69 47 84 59 74 34 28 
58 87 29 11 80 100 64 96 38 54 
57 97 94 68 25 71 75 36 22 39 
65 10 43 19 45 4 15 8 16 14 
61 3 98 92 13 30 37 53 52 91 
46 90 33 89 83 93 9 20 99 55 
2 78 88 31 62 95 73 70 49 7 
72 44 60 85 42 86 17 6 1 51 
18 40 24 50 21 12 77 41 48 32 
63 66 79 67 27 5 81 82 23 35 
5
10 11 12 13 14 
15 16 17 18 19 
20 21 22 23 24 
25 1 2 3 4 
5 6 7 8 9 
3
7 4 9 
1 3 6 
8 5 2 
6
32 3 11 6 25 24 
18 8 28 17 29 2 
20 4 12 23 35 7 
1 22 26 34 15 14 
5 30 27 19 9 10 
36 16 13 31 21 33 
7
46 7 24 25 47 16 12 
4 30 34 45 28 17 41 
5 8 11 1 14 44 35 
36 27 3 31 37 20 38 
19 40 49 21 39 9 29 
48 13 33 22 42 26 43 
18 6 2 23 32 15 10 
5
15 24 19 17 13 
9 4 6 16 5 
3 1 14 7 18 
20 11 10 2 23 
8 22 25 21 12 
8
8 62 36 21 38 2 64 57 
19 30 63 7 22 12 34 5 
45 13 48 32 24 1 43 52 
35 9 28 54 51 23 39 6 
37 27 61 53 59 26 47 41 
18 49 20 29 14 55 11 15 
42 50 10 60 40 17 56 16 
33 4 46 58 25 3 31 44 
9
5 53 18 7 15 3 30 80 67 
56 69 36 76 4 71 54 27 24 
51 59 6 23 37 64 68 46 77 
57 41 79 63 74 2 25 73 50 
8 61 48 34 60 38 66 17 75 
16 47 55 43 13 32 20 72 39 
33 65 49 14 35 70 12 1 26 
52 40 19 28 81 45 9 58 42 
31 21 29 78 44 22 11 10 62 
6
30 20 10 28 23 19 
36 34 4 18 16 3 
12 11 26 13 17 27 
14 8 7 9 2 6 
15 1 25 33 5 31 
32 29 35 21 24 22 
9
12 13 14 15 16 17 18 19 20 
21 22 23 24 25 26 27 28 29 
30 31 32 33 34 35 36 37 38 
39 40 41 42 43 44 45 46 47 
48 49 50 51 52 53 54 55 56 
57 58 59 60 61 62 63 64 65 
66 67 68 69 70 71 72 73 74 
75 76 77 78 79 80 81 1 2 
3 4 5 6 7 8 9 10 11 
6
18 17 14 29 19 31 
22 28 20 15 34 12 
23 33 11 26 4 6 
24 35 16 8 27 36 
10 30 2 5 3 13 
21 7 9 25 32 1 
4
9 10 11 12 
13 14 15 16 
1 2 3 4 
5 6 7 8 
2
1 2 
3 4 
8
37 5 19 48 20 56 10 3 
53 49 30 22 51 21 8 16 
59 14 52 28 39 26 32 57 
27 43 55 61 2 58 50 6 
17 46 12 41 35 47 18 33 
42 9 60 1 54 34 7 40 
15 62 23 38 36 31 13 4 
11 64 45 25 24 63 44 29 
1
1 
7
22 37 13 1 14 11 20 
12 29 42 36 24 33 26 
41 38 6 5 15 48 18 
19 21 44 47 30 27 45 
25 40 2 39 46 32 9 
16 28 35 31 8 49 34 
10 43 4 23 17 7 3 
1
1 
2
2 4 
3 1 
7
48 26 13 34 19 1 17 
45 27 30 12 15 39 22 
18 20 35 36 16 4 38 
7 33 32 25 31 46 37 
8 41 5 40 24 21 11 
47 29 9 28 2 49 42 
44 6 14 43 3 10 23 
10
58 59 60 61 62 63 64 65 66 67 
68 69 70 71 72 73 74 75 76 77 
78 79 80 81 82 83 84 85 86 87 
88 89 90 91 92 93 94 95 96 97 
98 99 100 1 2 3 4 5 6 7 
8 9 10 11 12 13 14 15 16 17 
18 19 20 21 22 23 24 25 26 27 
28 29 30 31 32 33 34 35 36 37 
38 39 40 41 42 43 44 45 46 47 
48 49 50 51 52 53 54 55 56 57 
1
1 
7
49 44 27 14 18 36 10 
37 6 19 46 31 42 40 
41 43 29 34 38 39 15 
9 45 11 23 47 21 25 
7 20 17 4 33 5 24 
28 32 26 3 48 22 1 
35 12 30 8 2 13 16 
4
4 14 8 7 
15 6 5 3 
11 9 2 10 
1 12 16 13 
3
7 6 3 
8 9 1 
4 2 5 
3
1 4 8 
7 3 2 
6 9 5 
9
15 16 17 18 19 20 21 22 23 
24 25 26 27 28 29 30 31 32 
33 34 35 36 37 38 39 40 41 
42 43 44 45 46 47 48 49 50 
51 52 53 54 55 56 57 58 59 
60 61 62 63 64 65 66 67 68 
69 70 71 72 73 74 75 76 77 
78 79 80 81 1 2 3 4 5 
6 7 8 9 10 11 12 13 14 
2
2 3 
1 4 
5
1 10 4 6 21 
14 19 15 20 5 
22 12 25 2 11 
23 3 17 13 24 
18 9 16 8 7 
8
57 58 59 60 61 62 63 64 
1 2 3 4 5 6 7 8 
9 10 11 12 13 14 15 16 
17 18 19 20 21 22 23 24 
25 26 27 28 29 30 31 32 
33 34 35 36 37 38 39 40 
41 42 43 44 45 46 47 48 
49 50 51 52 53 54 55 56 
