35

4
12 13 11 8 
4 10 5 9 
15 3 14 6 
7 16 2 1 
9
35 39 51 63 70 17 24 22 10 
26 58 49 2 33 61 31 12 74 
19 78 75 9 30 77 15 55 5 
20 80 18 4 54 81 79 64 52 
36 37 27 50 67 65 59 32 68 
13 53 60 47 34 73 40 42 44 
72 38 16 76 25 69 43 46 57 
29 7 41 21 1 45 62 71 23 
56 3 8 48 11 66 28 14 6 
6
17 24 2 33 13 32 
16 6 5 12 21 18 
31 27 36 20 1 22 
10 9 29 25 19 7 
15 35 34 4 28 11 
23 26 8 30 3 14 
1
1 
6
17 12 33 34 10 15 
21 3 2 20 19 4 
23 25 27 29 14 36 
22 13 7 18 1 30 
32 31 5 35 9 24 
8 16 11 26 28 6 
6
27 28 29 30 31 32 
33 34 35 36 1 2 
3 4 5 6 7 8 
9 10 11 12 13 14 
15 16 17 18 19 20 
21 22 23 24 25 26 
10
56 24 75 68 8 67 65 87 31 52 
6 70 85 57 47 20 9 15 7 84 
5 12 59 16 73 74 71 93 10 81 
29 28 60 98 50 25 90 88 48 42 
18 40 99 41 39 63 95 43 91 82 
64 2 76 86 13 53 61 94 19 32 
72 80 37 11 46 55 3 78 45 79 
92 36 83 22 51 21 27 62 30 69 
58 96 17 33 77 97 89 23 100 1 
14 49 35 66 38 54 4 44 26 34 
4
1 2 3 4 
5 6 7 8 
9 10 11 12 
13 14 15 16 
1
1 
10
1 44 97 67 12 45 14 4 93 88 
70 48 40 66 2 60 36 72 3 5 
42 54 56 78 57 26 99 100 16 41 
32 92 6 58 75 84 76 33 52 85 
11 47 77 73 31 49 43 87 82 34 
69 80 39 9 81 68 28 94 64 7 
29 59 17 79 63 50 55 61 86 30 
8 23 95 10 96 22 65 83 38 89 
37 51 13 15 53 35 71 46 25 27 
90 20 91 62 24 74 98 18 21 19 
1
1 
4
11 12 14 6 
16 10 3 4 
15 7 8 1 
2 9 13 5 
3
6 4 1 
5 9 2 
8 7 3 
8
26 15 58 23 41 64 52 40 
61 54 37 29 28 62 60 21 
46 5 1 35 18 8 57 27 
56 2 48 32 34 43 31 19 
38 3 51 25 4 49 11 9 
17 63 50 14 47 10 42 59 
7 53 55 20 13 33 22 45 
30 12 44 6 39 16 24 36 
1
1 
4
11 3 7 1 
6 14 15 10 
4 9 8 12 
16 13 2 5 
4
14 2 10 7 
1 16 8 15 
6 5 3 13 
12 11 9 4 
5
9 2 22 25 3 
20 19 4 23 6 
13 17 10 21 15 
16 24 5 18 1 
7 8 14 12 11 
9
17 6 9 62 35 42 36 59 2 
39 28 27 56 8 29 11 14 77 
80 24 16 44 5 38 54 41 23 
68 13 79 69 3 63 65 25 72 
22 45 55 53 52 78 70 60 21 
64 76 43 48 1 66 61 18 57 
37 32 12 47 10 81 58 73 31 
19 49 33 51 15 4 40 46 34 
30 7 74 26 75 67 50 20 71 
9
12 13 14 15 16 17 18 19 20 
21 22 23 24 25 26 27 28 29 
30 31 32 33 34 35 36 37 38 
39 40 41 42 43 44 45 46 47 
48 49 50 51 52 53 54 55 56 
57 58 59 60 61 62 63 64 65 
66 67 68 69 70 71 72 73 74 
75 76 77 78 79 80 81 1 2 
3 4 5 6 7 8 9 10 11 
9
16 41 8 20 45 79 36 21 72 
34 22 43 38 11 5 4 62 32 
60 6 42 69 10 7 78 35 26 
55 2 29 56 25 39 58 28 31 
1 40 46 63 9 65 66 49 64 
75 70 27 76 33 48 44 54 77 
19 15 47 50 51 74 24 12 81 
14 73 3 71 57 17 53 13 18 
61 68 67 52 37 80 30 23 59 
4
9 1 4 16 
15 7 6 10 
2 13 14 8 
11 12 5 3 
3
6 9 7 
1 5 2 
4 3 8 
4
4 3 7 8 
10 16 12 1 
6 9 5 11 
14 13 15 2 
10
1 83 6 88 5 19 4 57 73 24 
80 9 48 53 77 52 18 90 22 81 
27 78 75 38 32 11 3 95 66 61 
92 20 93 62 67 65 7 68 28 70 
100 87 8 64 89 86 47 15 44 76 
56 55 36 2 69 30 96 40 26 25 
37 10 58 60 43 54 63 46 12 97 
71 17 79 49 99 74 16 91 41 29 
94 33 85 42 31 14 50 45 35 98 
82 34 72 51 59 21 23 13 39 84 
7
7 23 45 25 38 16 10 
26 35 4 5 11 2 39 
28 29 12 42 32 8 30 
27 18 13 15 17 3 1 
48 33 21 6 20 47 46 
9 41 43 24 44 14 36 
40 34 49 31 19 37 22 
3
3 4 5 
6 7 8 
9 1 2 
9
5 44 57 81 63 74 22 45 21 
78 31 10 34 72 49 12 3 54 
48 67 19 71 24 58 16 80 14 
46 23 9 70 66 50 77 8 11 
35 6 59 30 56 51 13 29 52 
47 17 69 55 62 43 32 75 42 
36 40 25 2 28 18 27 38 15 
61 60 39 73 37 64 41 76 4 
33 65 26 53 1 20 7 68 79 
8
30 31 32 33 34 35 36 37 
38 39 40 41 42 43 44 45 
46 47 48 49 50 51 52 53 
54 55 56 57 58 59 60 61 
62 63 64 1 2 3 4 5 
6 7 8 9 10 11 12 13 
14 15 16 17 18 19 20 21 
22 23 24 25 26 27 28 29 
5
5 6 7 8 9 
10 11 12 13 14 
15 16 17 18 19 
20 21 22 23 24 
25 1 2 3 4 
6
16 36 7 21 30 8 
17 3 32 5 9 31 
2 4 25 11 27 24 
29 1 34 33 10 23 
22 18 20 14 28 19 
26 35 13 6 12 15 
1
1 
5
7 19 24 13 10 
5 25 6 22 23 
16 9 21 3 12 
8 18 17 2 15 
20 11 14 1 4 
3
3 4 6 
9 5 1 
2 8 7 
3
7 4 3 
5 6 9 
2 8 1 
