35

1
1 
2
1 2 
3 4 
7
37 1 8 38 26 15 41 
43 16 10 7 25 47 14 
4 13 12 24 46 5 18 
9 27 23 22 6 29 35 
3 11 21 42 2 32 40 
31 45 17 30 28 20 48 
34 19 44 49 39 33 36 
7
49 24 25 18 35 22 13 
8 20 23 10 15 27 28 
34 21 9 31 41 37 36 
19 45 44 17 46 12 47 
6 5 40 29 39 32 26 
3 2 30 1 4 42 33 
16 7 11 38 48 14 43 
10
7 69 75 46 34 91 79 56 50 62 
29 31 32 27 61 60 96 45 76 59 
92 22 18 95 10 4 87 49 71 19 
11 14 43 3 80 97 12 74 28 30 
35 52 89 6 8 38 24 47 33 86 
9 85 100 39 37 2 68 13 16 77 
70 78 25 83 53 73 42 44 94 21 
20 17 23 51 82 58 15 64 54 66 
40 99 57 1 72 88 63 48 36 93 
84 55 90 65 81 67 5 41 26 98 
8
42 43 44 45 46 47 48 49 
50 51 52 53 54 55 56 57 
58 59 60 61 62 63 64 1 
2 3 4 5 6 7 8 9 
10 11 12 13 14 15 16 17 
18 19 20 21 22 23 24 25 
26 27 28 29 30 31 32 33 
34 35 36 37 38 39 40 41 
8
62 14 19 3 8 1 37 52 
42 33 46 55 23 27 26 39 
22 21 57 6 64 49 47 61 
15 60 41 58 35 43 31 59 
36 34 10 7 45 2 20 38 
24 54 40 53 50 16 12 25 
29 48 32 4 28 13 18 44 
9 11 17 51 30 5 63 56 
5
10 3 4 14 17 
18 23 13 21 11 
24 2 12 5 20 
9 7 25 15 8 
16 19 22 6 1 
7
49 27 40 19 3 20 31 
43 41 23 28 39 46 45 
21 2 35 11 1 24 10 
8 17 26 18 47 4 14 
30 6 32 29 13 9 38 
48 16 44 15 34 36 22 
37 5 42 7 33 25 12 
3
9 1 2 
3 4 5 
6 7 8 
7
48 23 26 19 21 27 29 
13 44 4 40 7 35 32 
22 15 33 36 43 14 31 
25 1 38 3 41 42 34 
11 10 8 39 30 17 16 
28 12 20 2 37 24 6 
47 45 46 49 9 18 5 
3
9 4 3 
1 8 6 
2 7 5 
4
13 14 15 16 
1 2 3 4 
5 6 7 8 
9 10 11 12 
4
7 12 15 13 
1 2 11 3 
14 10 16 6 
9 8 5 4 
4
10 13 6 7 
5 12 4 1 
16 3 2 9 
11 15 8 14 
5
1 6 16 5 7 
4 15 21 12 3 
13 24 14 9 22 
18 2 19 25 23 
10 17 20 11 8 
10
21 42 10 8 6 85 93 38 41 54 
60 9 79 19 48 97 18 47 72 86 
25 13 76 78 71 4 64 74 69 65 
90 89 15 39 35 100 16 40 61 87 
88 30 67 1 96 56 75 23 17 5 
99 46 73 80 12 68 52 91 28 34 
22 29 11 49 7 84 62 83 95 63 
58 2 81 66 33 20 43 50 57 32 
3 24 53 14 44 92 70 27 94 59 
77 31 45 55 37 98 51 82 36 26 
9
48 49 50 51 52 53 54 55 56 
57 58 59 60 61 62 63 64 65 
66 67 68 69 70 71 72 73 74 
75 76 77 78 79 80 81 1 2 
3 4 5 6 7 8 9 10 11 
12 13 14 15 16 17 18 19 20 
21 22 23 24 25 26 27 28 29 
30 31 32 33 34 35 36 37 38 
39 40 41 42 43 44 45 46 47 
2
2 4 
1 3 
9
27 28 29 30 31 32 33 34 35 
36 37 38 39 40 41 42 43 44 
45 46 47 48 49 50 51 52 53 
54 55 56 57 58 59 60 61 62 
63 64 65 66 67 68 69 70 71 
72 73 74 75 76 77 78 79 80 
81 1 2 3 4 5 6 7 8 
9 10 11 12 13 14 15 16 17 
18 19 20 21 22 23 24 25 26 
3
8 1 9 
2 7 6 
4 5 3 
5
6 22 7 23 5 
9 13 15 12 11 
20 10 24 4 19 
25 17 18 1 8 
2 21 14 3 16 
5
15 14 16 4 25 
8 6 7 13 24 
10 17 23 3 5 
22 9 20 2 18 
19 21 12 11 1 
1
1 
10
48 49 50 51 52 53 54 55 56 57 
58 59 60 61 62 63 64 65 66 67 
68 69 70 71 72 73 74 75 76 77 
78 79 80 81 82 83 84 85 86 87 
88 89 90 91 92 93 94 95 96 97 
98 99 100 1 2 3 4 5 6 7 
8 9 10 11 12 13 14 15 16 17 
18 19 20 21 22 23 24 25 26 27 
28 29 30 31 32 33 34 35 36 37 
38 39 40 41 42 43 44 45 46 47 
6
29 1 25 33 16 14 
3 10 8 6 19 17 
28 30 34 36 22 32 
5 13 12 11 9 4 
21 27 20 23 18 2 
31 15 26 24 35 7 
2
3 1 
2 4 
10
68 69 70 71 72 73 74 75 76 77 
78 79 80 81 82 83 84 85 86 87 
88 89 90 91 92 93 94 95 96 97 
98 99 100 1 2 3 4 5 6 7 
8 9 10 11 12 13 14 15 16 17 
18 19 20 21 22 23 24 25 26 27 
28 29 30 31 32 33 34 35 36 37 
38 39 40 41 42 43 44 45 46 47 
48 49 50 51 52 53 54 55 56 57 
58 59 60 61 62 63 64 65 66 67 
10
1 92 70 17 98 30 25 7 49 90 
97 59 67 18 100 72 35 56 88 32 
73 28 34 75 68 58 10 15 23 87 
69 84 46 96 42 36 47 81 37 66 
93 19 4 9 8 5 62 20 89 3 
71 41 50 31 29 95 80 24 14 51 
44 86 83 94 11 64 16 85 57 2 
52 65 91 6 48 12 38 13 40 21 
74 54 78 77 53 45 33 26 63 55 
27 76 22 39 79 99 61 82 43 60 
3
1 4 5 
7 6 2 
8 9 3 
2
1 2 
3 4 
10
44 19 66 21 70 34 50 75 1 27 
41 54 100 14 17 6 59 3 85 76 
83 5 96 62 84 15 53 78 30 69 
49 32 18 64 38 81 95 90 20 56 
94 87 13 97 22 74 63 86 73 46 
42 57 23 92 65 4 45 43 7 60 
67 35 77 58 61 33 11 24 79 82 
48 89 12 9 40 99 8 25 71 36 
2 39 93 88 10 55 91 51 29 37 
28 72 68 31 52 16 26 80 47 98 
3
3 1 6 
9 8 5 
2 7 4 
6
19 8 29 10 6 21 
25 11 17 15 3 31 
12 35 27 14 22 23 
1 30 16 33 18 24 
9 5 20 13 28 4 
26 2 36 34 32 7 
4
9 8 3 10 
15 16 11 13 
14 4 5 12 
2 1 6 7 
