35

9
51 19 3 34 32 69 61 15 11 
53 63 80 14 56 71 2 24 8 
74 37 12 76 58 49 79 59 67 
65 52 48 62 25 41 68 10 36 
30 55 33 27 66 13 17 46 45 
16 40 26 23 21 5 77 4 78 
20 31 38 7 70 75 60 72 73 
9 44 6 22 35 50 81 18 54 
43 57 1 39 64 42 29 28 47 
6
35 36 1 2 3 4 
5 6 7 8 9 10 
11 12 13 14 15 16 
17 18 19 20 21 22 
23 24 25 26 27 28 
29 30 31 32 33 34 
8
20 21 22 23 24 25 26 27 
28 29 30 31 32 33 34 35 
36 37 38 39 40 41 42 43 
44 45 46 47 48 49 50 51 
52 53 54 55 56 57 58 59 
60 61 62 63 64 1 2 3 
4 5 6 7 8 9 10 11 
12 13 14 15 16 17 18 19 
2
3 4 
2 1 
6
6 33 23 13 8 18 
29 15 14 35 36 27 
3 12 1 26 21 19 
30 4 9 16 5 17 
24 11 20 7 34 32 
25 31 2 28 22 10 
3
8 9 1 
2 3 4 
5 6 7 
8
40 39 55 36 47 57 9 12 
23 61 30 54 27 45 59 22 
17 38 48 58 42 41 16 6 
33 25 49 18 60 34 15 35 
32 53 52 31 51 44 10 2 
37 21 29 11 4 8 46 28 
43 19 64 56 13 20 62 26 
63 14 7 3 50 5 24 1 
1
1 
3
2 1 8 
7 6 5 
9 3 4 
10
10 52 9 24 26 37 66 70 22 68 
79 99 80 97 11 55 83 39 6 40 
58 93 16 59 2 60 49 72 88 100 
98 8 76 34 51 28 12 87 64 21 
54 19 44 23 15 42 5 63 33 92 
48 29 56 27 13 77 62 78 75 69 
18 71 73 7 38 32 36 46 61 1 
17 86 84 43 81 3 25 14 85 53 
41 96 30 94 91 65 95 90 89 67 
4 50 74 35 57 47 31 20 45 82 
2
1 4 
3 2 
1
1 
5
13 14 15 16 17 
18 19 20 21 22 
23 24 25 1 2 
3 4 5 6 7 
8 9 10 11 12 
2
3 4 
1 2 
2
1 4 
2 3 
4
12 13 14 15 
16 1 2 3 
4 5 6 7 
8 9 10 11 
8
11 12 13 14 15 16 17 18 
19 20 21 22 23 24 25 26 
27 28 29 30 31 32 33 34 
35 36 37 38 39 40 41 42 
43 44 45 46 47 48 49 50 
51 52 53 54 55 56 57 58 
59 60 61 62 63 64 1 2 
3 4 5 6 7 8 9 10 
9
77 17 65 28 36 80 56 68 25 
50 55 81 1 71 15 52 18 24 
58 48 21 34 32 5 79 78 64 
39 67 75 53 10 35 30 73 61 
13 57 63 74 42 41 26 29 66 
69 7 33 11 49 4 27 43 19 
76 9 3 8 45 12 40 59 14 
2 51 70 72 60 62 20 23 44 
46 38 16 47 54 6 22 31 37 
2
3 4 
1 2 
4
15 2 12 10 
1 8 7 3 
6 14 5 11 
13 4 16 9 
4
14 9 16 11 
10 15 1 2 
7 13 3 6 
8 5 4 12 
8
11 10 40 20 15 54 34 43 
9 62 46 13 41 57 32 4 
23 37 59 36 6 51 52 17 
30 8 18 5 38 25 35 2 
1 53 16 50 64 61 31 22 
3 42 27 63 26 44 39 7 
24 33 48 21 56 60 12 28 
14 19 58 47 45 29 55 49 
10
38 48 98 23 41 28 47 53 13 67 
74 24 70 42 68 27 34 26 4 49 
81 52 82 89 31 90 75 14 77 87 
50 2 40 57 39 32 63 44 88 5 
72 95 71 10 64 56 62 66 17 94 
65 11 3 16 20 92 45 22 35 85 
76 15 58 51 69 86 19 6 83 7 
12 93 80 91 29 78 61 18 97 73 
59 55 1 96 43 46 36 33 37 8 
25 100 9 54 79 84 60 21 99 30 
3
3 9 7 
4 8 6 
5 1 2 
5
2 21 15 1 5 
12 25 17 18 20 
13 10 19 24 9 
6 14 8 3 16 
7 22 11 4 23 
2
3 4 
1 2 
2
4 1 
2 3 
1
1 
3
7 2 6 
8 1 5 
9 4 3 
7
49 20 35 23 46 30 21 
32 39 25 9 17 18 12 
8 42 31 26 5 29 41 
44 45 37 28 48 40 19 
15 4 43 1 38 27 10 
47 24 36 14 11 16 7 
3 2 22 33 34 6 13 
5
15 19 3 1 17 
18 20 8 5 7 
6 14 21 25 2 
13 11 12 23 9 
24 22 10 4 16 
6
30 16 12 6 15 29 
22 10 9 3 28 5 
36 24 7 19 2 34 
27 14 11 8 33 20 
21 13 35 32 31 1 
25 26 4 18 17 23 
9
54 50 69 42 49 80 57 60 8 
46 16 29 51 19 31 62 64 66 
10 38 24 13 36 75 67 23 21 
25 22 56 48 55 30 58 26 70 
79 33 76 47 39 7 37 41 28 
78 71 14 40 81 53 15 65 77 
18 1 59 11 4 35 72 34 45 
61 5 17 63 68 44 52 3 43 
20 73 74 32 12 27 6 2 9 
2
3 2 
1 4 
5
6 21 11 22 13 
12 4 9 15 24 
18 25 5 1 2 
16 8 17 14 3 
7 19 10 23 20 
