35

7
29 15 30 20 8 23 18 
10 34 45 37 22 48 21 
38 32 14 33 5 24 13 
6 36 1 31 3 16 27 
44 46 40 17 49 25 11 
26 41 2 12 7 28 47 
9 39 19 35 42 43 4 
1
1 
9
65 61 60 66 67 53 78 47 8 
72 58 37 48 7 6 79 59 63 
71 42 28 10 33 62 1 52 27 
17 12 41 9 32 16 19 81 75 
44 2 39 25 24 45 64 4 20 
49 30 34 76 29 5 31 22 74 
69 14 80 11 36 35 55 38 56 
15 68 40 51 54 46 57 73 50 
70 26 77 18 21 23 3 13 43 
10
93 4 27 13 76 49 86 89 79 14 
46 75 65 15 38 100 18 33 6 47 
62 72 32 1 88 48 42 69 3 8 
30 34 94 99 80 71 83 87 36 41 
84 12 5 20 68 28 44 81 43 64 
56 74 73 7 58 54 97 17 82 37 
50 23 26 96 92 55 91 85 29 90 
61 52 45 60 77 78 66 67 31 63 
70 11 40 22 59 98 39 57 51 9 
2 25 95 16 10 35 53 19 21 24 
9
63 64 65 66 67 68 69 70 71 
72 73 74 75 76 77 78 79 80 
81 1 2 3 4 5 6 7 8 
9 10 11 12 13 14 15 16 17 
18 19 20 21 22 23 24 25 26 
27 28 29 30 31 32 33 34 35 
36 37 38 39 40 41 42 43 44 
45 46 47 48 49 50 51 52 53 
54 55 56 57 58 59 60 61 62 
10
15 31 32 56 1 99 4 39 17 66 
49 29 26 60 20 46 41 68 100 98 
70 44 93 58 11 45 96 76 35 90 
48 53 47 65 82 28 71 16 54 91 
7 24 75 14 50 6 57 67 83 37 
74 81 62 80 77 72 3 21 63 8 
89 13 64 51 79 30 27 19 69 34 
95 12 23 9 18 33 92 97 42 25 
38 55 88 87 85 5 84 61 78 73 
43 2 94 10 59 22 52 86 40 36 
1
1 
4
1 15 16 3 
8 13 7 10 
6 4 14 5 
2 11 9 12 
10
64 51 12 59 31 76 66 4 60 21 
88 9 94 65 1 86 30 54 81 15 
50 78 42 55 36 87 83 44 40 45 
39 41 7 82 27 38 84 47 29 24 
16 96 92 70 49 57 23 53 48 85 
56 68 91 32 100 99 2 73 97 71 
17 37 43 34 28 62 79 89 5 35 
80 93 18 72 25 33 52 20 63 13 
6 98 74 69 90 75 19 8 95 14 
58 10 11 46 26 3 67 61 22 77 
7
30 13 39 27 41 33 9 
22 8 32 17 7 19 40 
38 18 26 5 3 12 6 
28 36 21 11 44 37 29 
48 42 16 4 47 23 45 
34 43 35 2 14 46 20 
25 49 1 10 24 31 15 
2
1 4 
3 2 
3
1 9 8 
7 3 5 
2 6 4 
8
33 34 35 36 37 38 39 40 
41 42 43 44 45 46 47 48 
49 50 51 52 53 54 55 56 
57 58 59 60 61 62 63 64 
1 2 3 4 5 6 7 8 
9 10 11 12 13 14 15 16 
17 18 19 20 21 22 23 24 
25 26 27 28 29 30 31 32 
2
1 2 
3 4 
10
11 12 13 14 15 16 17 18 19 20 
21 22 23 24 25 26 27 28 29 30 
31 32 33 34 35 36 37 38 39 40 
41 42 43 44 45 46 47 48 49 50 
51 52 53 54 55 56 57 58 59 60 
61 62 63 64 65 66 67 68 69 70 
71 72 73 74 75 76 77 78 79 80 
81 82 83 84 85 86 87 88 89 90 
91 92 93 94 95 96 97 98 99 100 
1 2 3 4 5 6 7 8 9 10 
10
69 70 71 72 73 74 75 76 77 78 
79 80 81 82 83 84 85 86 87 88 
89 90 91 92 93 94 95 96 97 98 
99 100 1 2 3 4 5 6 7 8 
9 10 11 12 13 14 15 16 17 18 
19 20 21 22 23 24 25 26 27 28 
29 30 31 32 33 34 35 36 37 38 
39 40 41 42 43 44 45 46 47 48 
49 50 51 52 53 54 55 56 57 58 
59 60 61 62 63 64 65 66 67 68 
8
8 40 61 64 3 24 37 33 
36 23 22 13 18 25 45 52 
4 55 38 51 12 62 39 30 
1 58 56 57 17 26 11 50 
6 2 44 7 21 59 5 63 
43 47 28 10 27 9 32 48 
16 19 20 34 60 53 46 42 
35 14 49 29 54 41 31 15 
7
29 30 31 32 33 34 35 
36 37 38 39 40 41 42 
43 44 45 46 47 48 49 
1 2 3 4 5 6 7 
8 9 10 11 12 13 14 
15 16 17 18 19 20 21 
22 23 24 25 26 27 28 
2
4 3 
1 2 
6
25 12 8 31 29 4 
21 33 18 11 32 27 
30 36 13 35 9 3 
20 2 24 14 22 23 
34 6 17 5 15 1 
19 10 16 7 28 26 
3
2 3 4 
5 6 7 
8 9 1 
9
32 74 8 54 4 69 55 18 31 
72 41 16 52 3 44 79 50 11 
22 27 39 51 13 43 71 56 30 
61 64 45 24 65 75 58 66 76 
19 28 63 42 1 12 38 81 48 
15 35 70 73 68 33 77 17 34 
2 10 36 23 25 40 26 9 57 
53 59 14 49 29 67 7 46 20 
60 78 37 47 6 62 80 21 5 
1
1 
6
21 10 14 13 12 16 
24 28 1 9 29 11 
19 36 35 6 23 2 
32 18 31 5 30 7 
20 15 25 26 33 27 
8 34 17 22 4 3 
2
3 4 
1 2 
7
28 13 20 44 12 43 41 
30 39 14 4 36 17 2 
37 1 6 33 26 10 46 
25 34 7 48 49 8 16 
21 3 31 5 32 40 45 
18 15 42 47 27 19 29 
35 9 11 24 23 22 38 
6
24 14 32 18 23 30 
8 21 25 13 28 1 
35 19 6 31 2 27 
7 4 34 36 29 16 
9 20 5 15 11 10 
17 26 12 3 33 22 
10
70 84 78 89 71 86 73 76 64 42 
8 41 26 18 13 53 80 72 96 31 
47 39 17 100 94 4 67 74 12 27 
68 54 10 77 49 51 44 24 52 95 
79 58 57 43 30 6 75 5 37 63 
90 35 11 29 83 19 46 33 36 81 
3 62 85 15 91 55 25 82 69 60 
22 16 23 56 50 98 9 48 88 38 
66 1 2 40 87 99 28 7 97 20 
65 14 92 45 61 34 93 32 21 59 
6
1 31 2 25 5 21 
7 3 8 10 20 9 
36 13 30 4 27 17 
11 32 35 34 18 28 
24 23 22 6 16 12 
26 29 33 19 14 15 
3
2 9 6 
8 3 7 
5 4 1 
4
5 14 13 10 
7 9 12 11 
1 8 4 2 
15 6 16 3 
8
30 31 32 33 34 35 36 37 
38 39 40 41 42 43 44 45 
46 47 48 49 50 51 52 53 
54 55 56 57 58 59 60 61 
62 63 64 1 2 3 4 5 
6 7 8 9 10 11 12 13 
14 15 16 17 18 19 20 21 
22 23 24 25 26 27 28 29 
7
32 30 14 23 39 22 27 
7 28 18 8 36 47 1 
9 19 26 31 6 48 16 
12 33 15 20 5 21 42 
24 34 3 29 25 44 43 
49 38 2 13 4 45 40 
17 10 35 41 46 37 11 
7
49 48 2 46 29 24 35 
21 4 31 17 11 25 7 
18 13 39 19 15 8 23 
45 22 40 34 47 28 41 
10 43 6 16 42 38 32 
30 20 33 1 26 36 44 
9 37 12 3 27 14 5 
8
2 3 4 5 6 7 8 9 
10 11 12 13 14 15 16 17 
18 19 20 21 22 23 24 25 
26 27 28 29 30 31 32 33 
34 35 36 37 38 39 40 41 
42 43 44 45 46 47 48 49 
50 51 52 53 54 55 56 57 
58 59 60 61 62 63 64 1 
