6
50
126 385 188 466 84 355 133 166 81 202 170 372 145 322 211 410 434 650 287 335 280 480 152 593 353 673 265 362 435 932 80 141 497 991 249 389 75 229 348 548 286 733 35 264 133 482 268 359 262 580 466 513 72 169 383 878 270 279 363 414 45 260 151 646 380 768 345 566 429 566 23 460 75 137 467 729 471 941 391 756 428 881 374 518 137 401 347 735 317 630 321 356 313 772 489 606 174 587 138 414 
25
365
540
162
631
685
989
153
916
5
203
890
713
91
677
373
236
173
948
834
104
542
312
241
360
125

200
1219 1952 883 1086 996 1248 938 1973 315 635 1008 1195 920 1118 59 278 482 1639 1118 1242 1119 1999 207 1440 416 627 20 1016 656 657 1155 1741 853 1703 154 218 1206 1856 286 1236 757 1790 318 742 1101 2183 320 508 479 1256 332 513 702 1647 850 1381 1180 1993 438 1579 443 1556 111 1049 180 924 718 846 899 1663 874 2034 550 1065 237 568 544 683 361 695 897 1822 450 831 478 497 477 1288 994 2002 271 1302 322 807 604 997 280 951 1034 1455 869 1825 100 503 594 699 315 389 752 1578 103 392 667 1577 414 1657 204 547 962 1467 843 1572 1089 1594 1134 1673 180 1041 1198 1707 207 263 667 1852 1061 1501 324 759 140 344 960 1148 435 730 625 774 1082 1708 1002 2121 630 1374 490 1681 396 1382 828 829 730 1624 655 657 379 1027 360 1274 1024 1949 773 1121 1002 1745 1043 1783 552 886 1047 1844 402 1169 841 1117 802 1650 705 1408 600 1840 798 1844 813 1207 265 970 120 242 380 931 638 1840 511 635 431 1072 787 1556 87 892 122 419 54 1286 1088 2075 1003 1876 424 955 648 1195 112 316 1184 1362 454 934 516 591 155 646 619 904 726 1605 975 1685 480 497 575 1567 672 1260 410 584 584 1737 954 1009 1167 1676 78 1211 406 797 873 1961 798 1241 911 2071 566 1425 320 1248 149 1140 1138 1702 667 1002 1099 1648 606 995 202 370 692 1677 206 1390 309 1052 1051 1514 767 1243 241 383 2 475 355 1129 1002 1326 773 1836 1009 1039 200 1404 215 1229 436 446 385 571 860 1003 964 1507 68 305 595 1597 1239 2325 1082 1928 617 1627 1100 1742 390 1529 985 2114 632 1822 32 487 351 1259 511 1553 273 1370 359 1458 864 1296 1126 2005 780 1885 1003 1535 96 350 484 1375 264 872 546 1302 710 1678 450 1652 354 1376 164 1056 386 1097 695 815 1071 1078 728 1368 200 1340 956 1200 872 1972 1121 1306 1096 1939 1 89 1038 2075 1182 2016 853 1173 734 1147 115 212 352 1572 357 941 1199 1332 453 649 
100
1406
2364
646
2123
855
2037
227
427
550
1212
590
682
805
580
513
1523
888
234
1452
2162
1423
1417
2103
1181
2402
805
117
1870
816
2259
797
2188
626
1020
14
2158
1361
1971
1866
333
239
1549
228
1953
1892
1508
498
2452
2054
1960
1486
355
714
663
1333
250
2366
955
1367
950
2406
885
394
697
648
265
1100
122
329
1245
2452
2416
194
1404
269
1386
2308
1781
2444
2018
2263
837
2197
1439
783
1714
2312
304
1285
1125
1341
722
458
874
1856
2009
1586
2447
2065
2132

500
1 5000 5000 5000 1974 2081 261 2076 1543 2973 942 1673 2391 3470 2008 3321 1863 2480 1376 3687 560 3047 1303 1915 1609 2840 1976 3607 821 1839 1252 3476 764 2322 2259 4530 1804 4196 516 621 1714 2959 2185 3010 1124 1562 2069 3589 2206 3418 1391 3593 873 2539 1103 1305 1000 1937 277 397 209 821 1046 1063 2288 3678 1679 1974 711 765 494 2578 342 557 612 746 1360 1693 1381 3842 351 2062 2281 4446 132 1662 272 2070 1386 2065 1378 3299 401 558 2441 3011 2128 4504 534 1807 2244 4550 2394 3288 2452 4267 2037 3178 2193 4285 2488 4578 404 816 1828 3031 3 1855 2064 2560 1245 1958 189 2140 725 2558 2142 3987 425 2191 62 1342 2382 3401 2436 2597 2264 3997 1130 3585 1393 2998 827 2464 2435 3924 767 2155 2113 2521 1574 1981 2075 2087 2076 2366 762 1649 684 3028 1675 4173 1788 2101 1421 1936 1909 3260 422 2023 481 1756 1871 3761 1185 2545 132 1373 1050 1415 2175 3084 1216 2261 1149 2036 1113 2642 1039 2507 2404 4221 1314 2933 1469 3464 582 2517 2145 4142 1110 3437 1056 2625 784 1328 155 547 2185 3697 2161 2574 631 1091 38 1379 1027 2321 2034 2774 916 3340 1849 2398 393 2310 2415 4397 1540 3142 1319 1818 1771 4091 2393 3247 99 1885 1681 3474 1444 1978 1292 3617 639 1016 2117 4503 1825 4154 2053 4532 1425 3283 68 2000 1450 1934 1832 3923 479 704 2196 2425 1978 4049 950 2152 1552 2025 2322 3065 1270 3629 555 2211 687 2551 1069 3138 46 542 773 1368 1983 4326 2136 2374 1723 3352 2062 2071 1215 1859 1772 3011 2403 3254 898 1433 1183 3452 2242 2896 1415 2635 2110 2844 693 2377 1557 3636 1800 1967 1181 2253 501 2479 1934 3213 2161 3271 1407 2084 749 2695 101 2441 1789 2655 2448 3103 1833 2614 914 2924 1623 3114 1885 2633 2343 3808 2121 3183 1277 1964 1375 1720 891 2331 177 2012 2219 3704 997 1211 572 1276 1770 3376 2270 2597 954 968 497 2503 918 1601 2473 3247 804 1337 1416 1529 1891 1970 2213 3840 1618 2048 2210 4163 2274 3375 1671 2000 2390 3294 276 1098 1617 2913 588 1131 1567 2618 1475 1675 1381 1710 2055 3667 1163 1605 628 1626 1316 3102 2242 2504 1725 2065 2285 3958 2140 3991 427 533 69 1297 694 2473 2290 3623 372 1968 822 2568 2083 3065 128 1275 415 2484 1662 3832 288 1196 1998 3705 18 332 750 1616 2448 3963 560 1060 1188 3252 73 135 1912 1992 1594 2324 2202 2278 953 1129 1862 1991 1078 3061 2342 3103 1030 1787 607 1475 533 2751 1262 2333 432 2156 1139 1683 526 2617 513 1012 1576 3036 748 1068 385 445 2429 2822 511 1295 1235 2056 2372 2715 1443 1780 2265 2313 1013 1691 1448 3790 1350 2849 339 1130 375 2862 233 1182 1496 2672 1341 3065 1410 3703 1410 2467 203 2004 1368 2323 834 1723 1581 2469 2276 3835 2160 2279 1399 1929 2404 3405 1282 1433 1239 2141 2235 3513 1833 2671 875 3284 1872 3510 1969 2382 1529 3063 1890 3057 1824 3088 1016 3262 2386 2948 2087 4484 2051 2179 1644 2911 1389 2459 1554 2478 1512 2682 307 525 2103 4042 1403 1787 1704 2489 1856 3744 1639 3118 1946 2170 2111 2530 1632 1740 762 2548 2165 2379 1143 2320 1928 2374 233 773 1293 2738 1182 2120 412 1738 1775 3161 1892 3948 2295 2652 42 2254 384 588 37 1723 2485 4810 310 1800 2378 4259 2245 3099 2006 4500 987 1470 2423 3471 1320 3766 1693 1835 2020 2408 2116 2336 1770 2171 420 2847 1320 2802 1515 2343 414 2760 270 271 991 2604 1518 2084 265 762 413 1483 1230 3627 1609 2204 2395 3306 65 2376 1865 3526 787 1443 412 2868 155 1309 1324 3233 577 854 1528 2713 2398 2470 689 1006 1621 2665 1931 3226 789 3122 316 813 1383 1570 1853 3433 478 1947 2299 3619 1703 3563 1187 2366 2052 3326 869 2620 1665 3811 1220 2026 1085 3026 1262 1703 667 902 1252 2181 48 2020 2301 3607 758 1787 1044 3197 2200 2730 820 2186 453 1696 479 2019 543 2511 703 736 1140 2982 2470 3863 1967 2079 1822 3984 1953 2880 604 2361 300 1926 1929 3475 1438 3015 1278 2797 1831 3547 1322 1437 1832 2448 2368 3121 1856 4252 595 1534 265 808 337 1771 1316 2106 743 1591 1471 1826 1831 2204 135 1351 1397 1879 670 809 2140 4357 1151 1622 353 1607 841 3306 1937 3533 1231 3715 1932 4224 1561 2776 1431 2600 716 2670 2459 4885 144 1796 1476 3632 1543 3696 1208 3565 1222 2824 70 2017 636 1370 2391 4175 1539 2811 1000 1076 2076 4147 1550 3715 1583 3154 1374 1885 2375 4020 2209 4610 1444 1687 288 2130 1890 2931 262 1679 1939 3127 1599 3540 1206 1815 1090 2315 1863 2242 891 1864 163 1601 426 735 1804 2779 1639 2473 138 1748 2338 3034 1976 3450 171 747 254 2703 36 915 89 2289 2400 4687 1922 2991 1285 3289 1096 3228 2275 2719 1856 2883 1298 1591 2067 3310 1265 2509 2483 4476 2364 2920 1496 2678 409 1141 1446 1574 1233 2083 363 756 2210 4235 94 427 416 2474 1823 2687 1483 3918 83 1808 12 2341 1277 3008 982 1578 1635 2154 729 2038 1435 2702 114 990 2497 3451 2233 3357 2302 4035 690 1478 2143 3149 720 2851 1220 2551 957 1237 1100 3337 1528 1853 918 2549 1140 1154 1011 1762 517 1852 1178 3231 21 63 1845 2553 13 1259 849 2687 1139 2701 926 2333 2384 3946 2362 3819 275 1965 148 626 1408 3536 2233 3380 
500
4272
3258
253
2886
166
3953
1616
4532
4159
600
3265
3034
3063
1331
3369
3337
2423
945
565
4660
4568
1684
1709
3654
2234
3113
321
365
1778
2438
3534
823
3834
1973
574
991
794
2572
4238
1612
788
2733
1361
1999
4285
3329
4537
1542
3560
3628
3293
2106
2796
1021
4030
2001
2958
477
3524
2553
49
3505
3262
770
4865
1157
591
3519
4520
847
531
2769
48
614
1600
743
3175
4525
858
2213
3080
2615
4535
2248
2453
928
1945
428
370
774
3617
442
2526
4507
1081
882
227
3704
1850
2560
4940
3455
4956
3646
3710
733
4812
1022
3927
4938
351
3794
3331
4286
2981
506
206
1482
2041
473
1500
3273
3941
2429
4427
3113
1818
2089
4362
4009
1005
4489
4755
1672
604
3857
1027
2535
4672
3841
2099
3909
997
3497
3423
2966
2485
4709
1739
2679
3035
2758
30
2792
146
3605
734
518
1702
980
1083
3556
2082
1227
4264
4973
2816
3988
1555
4857
3504
4220
4886
2890
4480
2246
2302
210
497
2741
2209
4122
3946
253
4037
3145
1998
1079
3859
1567
2032
4240
642
4965
2903
2908
3831
3388
2244
1348
2722
1350
3368
570
2053
4508
3483
4284
813
4005
3327
2485
2803
968
4395
1892
196
4935
683
2926
172
856
4205
1647
3858
3624
3686
3328
4053
2014
1611
4381
1796
642
3572
95
3922
952
1250
3273
2816
4709
849
3313
2525
4709
2745
2365
2897
2782
94
1782
3439
1212
4264
3774
4592
82
1565
4210
4076
762
1513
4468
4228
3313
1304
4743
2723
4570
642
2919
3115
4413
1685
277
4195
1972
4073
2797
230
1906
4564
2732
2231
456
2862
2961
1976
4614
1878
4438
459
434
195
579
991
4551
1800
1295
4516
1437
1399
2340
4041
217
4310
4438
266
1402
2334
184
704
79
4623
2876
193
1
4746
4804
582
2959
375
2689
2563
4035
4789
1191
2417
793
2984
2003
2839
2142
1364
1898
4128
2950
2559
2656
4741
2202
597
2834
1963
4882
573
3968
567
4559
9
4274
758
1939
1251
438
4570
240
2474
4587
1310
2577
4236
1254
2818
4593
2805
1886
2450
606
1662
1222
4784
3874
3049
1742
1043
3494
3665
4446
999
3578
806
1945
2843
829
149
4314
3618
1270
1087
1421
3097
1797
2336
4140
1576
1745
4047
1276
1284
3999
2846
2732
3024
2203
2087
4858
4875
4679
1854
4930
3005
2541
782
1195
611
1266
4075
4768
3082
1985
4367
3776
4848
160
184
3218
2757
131
1198
4720
4969
900
4290
727
1432
3748
1642
3225
3680
1953
3706
3647
1715
2755
4836
3230
4528
1020
600
852
619
4732
710
1079
2141
1638
400
4059
4118
4531
1949
3806
3846
2265
2008
2698
4012
1975
4111
2182
1366
3000
4032
3857
295
4137
3485
1724
2894
489
4112
2667
1899
4068
3322
2112
3452
2484
1700
1827
702
2092
1361
2378
3992
4250
3955
3033

150
18 18 443 443 844 844 391 1096 476 991 75 1055 753 1048 78 1095 219 1170 550 1717 877 1633 519 950 840 1529 983 1000 529 1190 1112 2193 37 868 171 540 243 329 696 1008 746 1135 448 1238 406 1251 1209 2294 540 1562 893 1512 112 433 785 1775 811 1062 628 1460 334 1042 543 1540 131 1187 577 1723 629 1382 988 2162 1172 1255 2 960 97 1038 785 1588 569 1728 971 1447 644 1663 237 396 922 1915 353 803 1066 1549 1057 2285 906 1682 760 1357 254 1005 345 553 880 1955 1218 1505 424 941 713 1778 651 1322 956 1925 79 275 1069 1701 552 1491 1111 2304 740 861 380 1572 102 1029 1235 2394 255 456 1215 1542 681 1053 1183 2162 548 870 17 946 550 1260 122 384 126 805 704 841 791 1769 143 736 308 526 644 1200 306 1447 288 777 230 373 736 1530 961 1703 136 1361 116 474 250 304 1077 2235 144 347 182 207 1124 1518 233 381 1002 1691 729 1532 777 779 762 1242 532 1165 426 619 798 1011 290 1368 768 1407 619 744 376 703 1239 2362 707 808 386 683 818 1705 291 1000 590 1084 242 968 1046 1049 312 1166 1175 2404 170 1126 891 1725 639 831 474 1718 243 1005 968 1554 193 672 335 962 626 649 278 1485 881 1552 430 834 876 1358 455 1138 187 566 813 1121 1 208 435 858 510 1026 1119 2202 981 1423 1121 1424 41 897 372 479 56 816 99 319 713 1931 783 1376 296 844 750 856 353 410 944 1425 1097 1874 17 23 703 1437 403 1268 
80
18
294
398
1655
2312
1537
1961
214
22
1932
952
362
1476
1718
1892
999
734
360
1788
1937
955
2374
396
1218
1912
1509
963
2243
439
411
2000
1715
2221
1044
1403
1652
1890
2213
1502
1840
59
315
1250
1661
2442
989
1617
1973
1410
1748
2433
550
614
81
918
230
2207
236
1030
747
470
1768
1198
422
533
1002
778
1909
1138
432
1574
1743
2174
319
1000
864
2475
725
1845
844

200
771 1886 821 2193 409 1604 459 2052 785 1053 835 1776 942 1417 992 1958 26 127 76 1313 1210 2299 1260 2399 278 582 328 1541 576 1374 626 1937 1182 1921 1232 2210 305 1409 355 1954 1112 1868 1162 2184 910 1569 960 2034 1231 2426 1281 2463 1180 1305 1230 1902 700 1769 750 2134 971 1947 1021 2223 579 1061 629 1780 718 1394 768 1947 271 422 321 1461 757 853 807 1676 1245 2178 1295 2339 1168 1848 1218 2174 582 1599 632 2049 985 1969 1035 2234 34 1091 84 1795 265 1488 315 1994 371 499 421 1499 359 860 409 1680 148 1239 198 1869 343 1401 393 1950 431 1013 481 1756 916 974 966 1737 460 1302 510 1901 216 383 266 1441 38 59 88 1279 397 402 447 1451 414 1235 464 1867 684 1455 734 1977 716 1457 766 1978 1154 1700 1204 2100 1126 1512 1176 2006 841 1769 891 2134 894 1439 944 1969 1248 2251 1298 2375 227 508 277 1504 703 1865 753 2182 979 1037 1029 1768 589 656 639 1578 925 1556 975 2028 452 1483 502 1991 286 1385 336 1942 358 685 408 1592 82 438 132 1469 297 504 347 1502 504 1573 554 2036 1202 1987 1252 2243 750 1574 800 2037 722 969 772 1734 757 1654 807 2077 47 980 97 1740 938 2097 988 2298 109 1028 159 1764 204 412 254 1456 865 1767 915 2133 244 1168 294 1834 862 1277 912 1888 1074 1630 1124 2065 72 470 122 1485 872 1991 922 2245 580 1768 630 2134 132 668 182 1584 1098 1877 1148 2188 693 1555 743 2027 1192 2021 1242 2260 18 160 68 1330 920 1102 970 1801 1208 1424 1258 1962 276 1229 326 1864 336 1281 386 1890 62 230 112 1365 883 1374 933 1937 1042 1120 1092 1810 1209 2291 1259 2395 228 993 278 1746 250 956 300 1728 75 863 125 1681 738 1146 788 1823 208 675 258 1587 228 465 278 1482 922 2026 972 2263 871 1363 921 1931 422 469 472 1484 596 1613 646 2056 230 880 280 1690 151 1040 201 1770 806 847 856 1673 696 1812 746 2156 961 1038 1011 1769 383 478 433 1489 156 1016 206 1758 
150
1329
1724
1964
900
1367
47
2100
905
267
2435
369
2401
811
697
681
872
2088
2376
25
2182
2005
498
983
1734
416
1077
1532
197
345
1536
2210
185
140
2397
1044
836
1399
2293
66
1520
1562
1684
1812
1548
2120
2323
1629
437
2179
201
822
460
836
993
77
1261
329
627
1233
356
1163
961
1282
1231
751
1022
630
769
322
808
1296
1219
633
1036
85
316
422
410
199
394
482
967
511
267
89
448
465
735
767
1205
1177
892
945
1299
278
754
1030
640
976
503
337
409
133
348
555
1253
801
773
808
98
989
160
255
916
295
913
1125
123
923
631
183
1149
744
1243
69
971
1259
327
387
113
934
1093
1260
279
301
126
789
259
279
973
922
473
647
281
202
857
747
1012
434
207

150
643 1235 167 643 897 1396 121 1227 466 1416 703 1596 111 575 86 1096 545 550 991 1072 611 1740 382 1047 297 1364 676 1892 26 765 838 980 1013 1429 647 1244 1129 2184 1068 1670 199 1157 20 426 201 975 1109 1459 822 1667 212 593 418 1096 508 1107 709 1486 1103 2093 702 1799 610 1352 1099 2067 72 809 922 1117 597 1585 857 1523 255 521 1187 1876 740 1612 424 475 242 285 716 1376 355 562 164 1065 64 903 945 970 958 1070 149 1388 1204 2394 576 1123 1021 1987 963 1460 81 571 1082 1806 681 1152 1009 1279 48 566 1053 2196 1049 1342 403 968 46 739 355 848 355 1450 757 1480 176 1339 1091 1715 676 1311 833 1493 770 1787 527 1320 46 934 496 1570 1049 2155 146 985 654 1085 1243 2234 884 1269 1246 2344 328 519 514 557 568 1760 696 1004 947 2113 1041 2058 935 1196 1057 1459 363 799 802 1148 468 1025 980 1132 238 596 952 1636 1099 2318 397 908 351 372 1113 2297 629 1223 118 802 748 837 1175 1320 476 592 269 414 884 1850 231 562 1018 1799 474 1598 1169 1259 922 1190 772 1454 718 1009 902 1584 561 589 485 584 1059 1209 265 1359 165 660 1037 1397 112 1030 395 975 41 869 242 830 1153 1773 49 680 654 1179 752 1804 1201 1791 411 560 332 577 1154 1941 173 1289 384 1472 33 372 45 978 31 309 355 1454 1068 2305 1111 2241 722 1664 158 657 307 1400 338 530 35 1134 163 1354 530 1244 705 1290 821 1799 240 1387 1018 1378 640 1652 
80
643
1530
980
2158
18
1818
1298
592
251
1663
1804
894
875
2185
620
1015
403
1005
2497
1328
1492
2360
2233
2064
1559
2445
64
1593
249
1046
585
2372
583
1752
2301
1651
670
2375
995
113
2262
397
1283
1911
1
1881
1532
859
111
1163
640
797
2153
1543
566
225
395
2047
1559
1130
1756
1992
574
2244
1554
1651
1047
806
826
880
331
2206
1629
24
759
586
1192
1053
2387
2465

