6
10
6 51 1 23 5 42 1 15 3 51 10 16 12 30 36 49 37 46 33 63 
5
41
29
26
13
93

25
55 166 83 120 44 140 119 243 61 123 32 66 63 160 27 46 115 237 75 110 5 101 77 155 119 150 111 232 18 131 111 219 48 142 2 105 83 124 6 49 45 89 34 71 60 73 97 160 28 60 
25
129
21
1
161
109
35
89
68
33
59
39
108
49
64
37
217
191
17
134
1
177
175
108
188
170

50
1 500 500 500 36 67 48 93 208 349 248 396 94 282 145 360 98 153 134 179 125 193 145 389 210 251 218 231 67 129 34 168 183 231 45 108 113 166 147 255 236 453 68 246 227 336 222 267 25 82 172 191 82 103 8 151 15 148 239 354 171 313 118 140 19 259 89 160 36 59 19 27 22 229 102 344 28 98 112 221 23 191 85 232 100 251 146 158 152 280 11 73 240 388 135 334 182 414 92 165 
50
325
17
273
72
153
446
477
324
41
108
356
337
309
217
362
358
419
118
386
284
55
203
51
39
396
348
328
229
197
181
414
26
62
431
159
238
240
290
280
107
444
314
414
103
209
166
359
382
313
470

15
193 193 80 80 159 159 152 189 45 179 138 256 154 251 147 310 170 220 198 217 127 309 105 285 178 266 96 200 41 219 
8
193
178
325
322
225
285
103
159

20
22 113 72 256 174 210 224 305 33 217 83 308 40 116 90 258 126 224 176 312 198 353 248 376 48 115 98 257 100 185 150 292 114 228 164 314 126 139 176 269 
15
256
49
220
89
215
73
225
84
91
177
249
99
151
165
177

15
273 335 69 273 175 282 73 91 105 269 36 111 67 200 28 120 160 293 146 178 148 207 127 268 101 233 46 148 86 268 
8
273
223
229
149
308
12
315
52

