24.1 23.88 192.11 247.2
182.38 236.53 150.94 70.46
180.85 90.27 136.66 58.07
14.87 152.93 51.61 28.75
240.55 99.58 99.89 179.55
219.07 185.78 12.97 40.38
189.05 110.93 158.6 115.21
13.91 129.78 109.06 38.01
153.66 51.17 35.22 86.05
37.71 186.16 156.52 218.56
26.43 43.18 26.64 41.31
196.12 78.26 70.06 186.67
177.84 169.96 116.22 146.92
105.74 129.2 187.3 44.8
240.14 95.91 160.01 4.06
225.69 19.08 42.07 129.36
70.25 77.3 215.42 107.97
13.46 121.94 76.53 39.9
165.12 103.18 81.21 111.24
181.44 151.28 47.92 109.29
71.25 164.15 6.21 176.99
43.35 193.52 221.79 33.49
39.43 131.81 37.55 15.13
150.89 79.63 144.49 221.15
156.93 109.92 79.12 170.4
231.86 155.66 210.31 146.99
8.84 41.53 8.24 190.29
192.82 56.16 49.58 14.07
220.31 55.8 191.06 13.67
249.32 162.86 47.16 38.76
44.67 84.72 53.9 195.57
164.36 198.4 166.72 71.3
58.32 245.84 241.71 40.19
151.5 202.02 187.18 160.35
243.55 195.42 100.64 186.38
1.59 150.23 200.45 221.9
206.03 141.51 235.57 205.36
54.38 32.74 244.13 99.05
117.47 48.03 44.62 31.83
246.44 211.35 103.13 54.76
207.19 94.85 94.95 108.7
46.87 32.14 19.05 40.43
227.56 119.69 226.81 229.15
19.92 177.26 201.06 225.96
68.78 186.64 181.32 123.16
219.38 175.45 222.22 86.86
223.49 16.85 118.69 219.93
228.2 221.83 24.7 185.4
66.68 119.65 44.11 113.56
151.79 63.16 154 182.86
130.81 108.52 202.79 58.08
59.58 178.75 126.87 246.22
110.08 0.04 215.61 35.54
222.26 52.47 9.04 239.12
171.17 228.97 217.32 143
3.67 152.73 209.69 123.33
196.84 73.26 25.13 10
227.26 154.5 192.87 108.07
13.02 145.66 166.16 72.61
74.42 43.03 68.84 184.51
43.07 34.45 220.05 15.34
86.93 229.09 4.46 8.1
208.07 151.11 211.75 124.52
110.81 85.09 71.36 184.07
110.22 81.37 161.33 14.73
24.25 19.41 27.75 169.91
185.57 100.37 244.34 228.61
169.21 178.85 21.69 203.67
148.91 37.03 40.6 128.01
41.49 48.71 86.08 13.28
199.82 47.83 137.81 60.63
132.92 209.18 244.71 243.15
40.56 156.04 7.89 64.81
35.65 234.73 111.03 136.02
229.07 89.64 55.23 157.93
111.33 8.9 56.85 148.37
49.51 184.86 189.86 98.22
20.94 203.15 48.05 90.97
108.68 201.71 50.15 103.39
194.87 90.71 9.44 202.76
155.53 184.9 238.41 140.26
45.93 124.43 119.34 135.57
179.67 27.27 246.91 188.58
84.12 145.28 238.09 18.99
85.15 86.32 39.93 38.31
134.37 108.72 129.28 243.06
60.43 179.44 96.46 5.31
20.16 105.9 175.69 40.8
196.49 65.95 86.73 70.92
185.3 222.31 0.6 212.57
219.23 189.18 46.7 114.52
177.28 65.7 199.68 13.6
105.63 237.99 147.97 214.36
117.28 141.04 24.8 46.73
237.5 30.11 66.89 93.4
238.19 242.58 134.21 184.68
58.54 220.95 5.61 243.84
193.26 206.42 162.5 195.4
3.13 27.02 122.68 68.83
226.7 136.29 174.47 214.7
